Defina tamanho do lado do tabuleiro: Tabuleiro inicial:
Tabuleiro final:
----- Escolha o algoritmo -----
1) BFS
2) DFS
3) IDFS
4) Greedy com Heuristica Out of Place
5) Greedy com Heuristica Manhattan
6) A* com Heuristica Out of Place
7) A* com Heuristica Manhattan
8) Sair
Resolucao passo a passo:
-------------
Nnos: 8312
1 12 4 11 
10 3 2 0 
14 15 7 9 
5 6 13 8 
Depth: 0
-------------
1 12 4 0 
10 3 2 11 
14 15 7 9 
5 6 13 8 
Depth: 1
-------------
1 12 0 4 
10 3 2 11 
14 15 7 9 
5 6 13 8 
Depth: 2
-------------
1 12 2 4 
10 3 0 11 
14 15 7 9 
5 6 13 8 
Depth: 3
-------------
1 12 2 4 
10 3 7 11 
14 15 0 9 
5 6 13 8 
Depth: 4
-------------
1 12 2 4 
10 3 7 11 
14 15 13 9 
5 6 0 8 
Depth: 5
-------------
1 12 2 4 
10 3 7 11 
14 15 13 9 
5 6 8 0 
Depth: 6
-------------
1 12 2 4 
10 3 7 11 
14 15 13 0 
5 6 8 9 
Depth: 7
-------------
1 12 2 4 
10 3 7 11 
14 15 0 13 
5 6 8 9 
Depth: 8
-------------
1 12 2 4 
10 3 7 11 
14 0 15 13 
5 6 8 9 
Depth: 9
-------------
1 12 2 4 
10 3 7 11 
0 14 15 13 
5 6 8 9 
Depth: 10
-------------
1 12 2 4 
10 3 7 11 
5 14 15 13 
0 6 8 9 
Depth: 11
-------------
1 12 2 4 
10 3 7 11 
5 14 15 13 
6 0 8 9 
Depth: 12
-------------
1 12 2 4 
10 3 7 11 
5 0 15 13 
6 14 8 9 
Depth: 13
-------------
1 12 2 4 
10 0 7 11 
5 3 15 13 
6 14 8 9 
Depth: 14
-------------
1 12 2 4 
0 10 7 11 
5 3 15 13 
6 14 8 9 
Depth: 15
-------------
1 12 2 4 
5 10 7 11 
0 3 15 13 
6 14 8 9 
Depth: 16
-------------
1 12 2 4 
5 10 7 11 
3 0 15 13 
6 14 8 9 
Depth: 17
-------------
1 12 2 4 
5 0 7 11 
3 10 15 13 
6 14 8 9 
Depth: 18
-------------
1 0 2 4 
5 12 7 11 
3 10 15 13 
6 14 8 9 
Depth: 19
-------------
1 2 0 4 
5 12 7 11 
3 10 15 13 
6 14 8 9 
Depth: 20
-------------
1 2 7 4 
5 12 0 11 
3 10 15 13 
6 14 8 9 
Depth: 21
-------------
1 2 7 4 
5 12 11 0 
3 10 15 13 
6 14 8 9 
Depth: 22
-------------
1 2 7 4 
5 12 11 13 
3 10 15 0 
6 14 8 9 
Depth: 23
-------------
1 2 7 4 
5 12 11 13 
3 10 15 9 
6 14 8 0 
Depth: 24
-------------
1 2 7 4 
5 12 11 13 
3 10 15 9 
6 14 0 8 
Depth: 25
-------------
1 2 7 4 
5 12 11 13 
3 10 0 9 
6 14 15 8 
Depth: 26
-------------
1 2 7 4 
5 12 0 13 
3 10 11 9 
6 14 15 8 
Depth: 27
-------------
1 2 7 4 
5 0 12 13 
3 10 11 9 
6 14 15 8 
Depth: 28
-------------
1 0 7 4 
5 2 12 13 
3 10 11 9 
6 14 15 8 
Depth: 29
-------------
1 7 0 4 
5 2 12 13 
3 10 11 9 
6 14 15 8 
Depth: 30
-------------
1 7 12 4 
5 2 0 13 
3 10 11 9 
6 14 15 8 
Depth: 31
-------------
1 7 12 4 
5 2 13 0 
3 10 11 9 
6 14 15 8 
Depth: 32
-------------
1 7 12 0 
5 2 13 4 
3 10 11 9 
6 14 15 8 
Depth: 33
-------------
1 7 0 12 
5 2 13 4 
3 10 11 9 
6 14 15 8 
Depth: 34
-------------
1 0 7 12 
5 2 13 4 
3 10 11 9 
6 14 15 8 
Depth: 35
-------------
1 2 7 12 
5 0 13 4 
3 10 11 9 
6 14 15 8 
Depth: 36
-------------
1 2 7 12 
5 13 0 4 
3 10 11 9 
6 14 15 8 
Depth: 37
-------------
1 2 0 12 
5 13 7 4 
3 10 11 9 
6 14 15 8 
Depth: 38
-------------
1 2 12 0 
5 13 7 4 
3 10 11 9 
6 14 15 8 
Depth: 39
-------------
1 2 12 4 
5 13 7 0 
3 10 11 9 
6 14 15 8 
Depth: 40
-------------
1 2 12 4 
5 13 0 7 
3 10 11 9 
6 14 15 8 
Depth: 41
-------------
1 2 12 4 
5 0 13 7 
3 10 11 9 
6 14 15 8 
Depth: 42
-------------
1 0 12 4 
5 2 13 7 
3 10 11 9 
6 14 15 8 
Depth: 43
-------------
1 12 0 4 
5 2 13 7 
3 10 11 9 
6 14 15 8 
Depth: 44
-------------
1 12 13 4 
5 2 0 7 
3 10 11 9 
6 14 15 8 
Depth: 45
-------------
1 12 13 4 
5 2 7 0 
3 10 11 9 
6 14 15 8 
Depth: 46
-------------
1 12 13 0 
5 2 7 4 
3 10 11 9 
6 14 15 8 
Depth: 47
-------------
1 12 0 13 
5 2 7 4 
3 10 11 9 
6 14 15 8 
Depth: 48
-------------
1 0 12 13 
5 2 7 4 
3 10 11 9 
6 14 15 8 
Depth: 49
-------------
1 2 12 13 
5 0 7 4 
3 10 11 9 
6 14 15 8 
Depth: 50
-------------
1 2 12 13 
5 7 0 4 
3 10 11 9 
6 14 15 8 
Depth: 51
-------------
1 2 0 13 
5 7 12 4 
3 10 11 9 
6 14 15 8 
Depth: 52
-------------
1 2 13 0 
5 7 12 4 
3 10 11 9 
6 14 15 8 
Depth: 53
-------------
1 2 13 4 
5 7 12 0 
3 10 11 9 
6 14 15 8 
Depth: 54
-------------
1 2 13 4 
5 7 0 12 
3 10 11 9 
6 14 15 8 
Depth: 55
-------------
1 2 13 4 
5 7 11 12 
3 10 0 9 
6 14 15 8 
Depth: 56
-------------
1 2 13 4 
5 7 11 12 
3 10 9 0 
6 14 15 8 
Depth: 57
-------------
1 2 13 4 
5 7 11 0 
3 10 9 12 
6 14 15 8 
Depth: 58
-------------
1 2 13 0 
5 7 11 4 
3 10 9 12 
6 14 15 8 
Depth: 59
-------------
1 2 0 13 
5 7 11 4 
3 10 9 12 
6 14 15 8 
Depth: 60
-------------
1 2 11 13 
5 7 0 4 
3 10 9 12 
6 14 15 8 
Depth: 61
-------------
1 2 11 13 
5 0 7 4 
3 10 9 12 
6 14 15 8 
Depth: 62
-------------
1 0 11 13 
5 2 7 4 
3 10 9 12 
6 14 15 8 
Depth: 63
-------------
1 11 0 13 
5 2 7 4 
3 10 9 12 
6 14 15 8 
Depth: 64
-------------
1 11 13 0 
5 2 7 4 
3 10 9 12 
6 14 15 8 
Depth: 65
-------------
1 11 13 4 
5 2 7 0 
3 10 9 12 
6 14 15 8 
Depth: 66
-------------
1 11 13 4 
5 2 0 7 
3 10 9 12 
6 14 15 8 
Depth: 67
-------------
1 11 0 4 
5 2 13 7 
3 10 9 12 
6 14 15 8 
Depth: 68
-------------
1 0 11 4 
5 2 13 7 
3 10 9 12 
6 14 15 8 
Depth: 69
-------------
1 2 11 4 
5 0 13 7 
3 10 9 12 
6 14 15 8 
Depth: 70
-------------
1 2 11 4 
5 10 13 7 
3 0 9 12 
6 14 15 8 
Depth: 71
-------------
1 2 11 4 
5 10 13 7 
3 9 0 12 
6 14 15 8 
Depth: 72
-------------
1 2 11 4 
5 10 0 7 
3 9 13 12 
6 14 15 8 
Depth: 73
-------------
1 2 11 4 
5 10 7 0 
3 9 13 12 
6 14 15 8 
Depth: 74
-------------
1 2 11 4 
5 10 7 12 
3 9 13 0 
6 14 15 8 
Depth: 75
-------------
1 2 11 4 
5 10 7 12 
3 9 0 13 
6 14 15 8 
Depth: 76
-------------
1 2 11 4 
5 10 7 12 
3 0 9 13 
6 14 15 8 
Depth: 77
-------------
1 2 11 4 
5 0 7 12 
3 10 9 13 
6 14 15 8 
Depth: 78
-------------
1 2 11 4 
5 7 0 12 
3 10 9 13 
6 14 15 8 
Depth: 79
-------------
1 2 11 4 
5 7 9 12 
3 10 0 13 
6 14 15 8 
Depth: 80
-------------
1 2 11 4 
5 7 9 12 
3 10 13 0 
6 14 15 8 
Depth: 81
-------------
1 2 11 4 
5 7 9 0 
3 10 13 12 
6 14 15 8 
Depth: 82
-------------
1 2 11 0 
5 7 9 4 
3 10 13 12 
6 14 15 8 
Depth: 83
-------------
1 2 0 11 
5 7 9 4 
3 10 13 12 
6 14 15 8 
Depth: 84
-------------
1 2 9 11 
5 7 0 4 
3 10 13 12 
6 14 15 8 
Depth: 85
-------------
1 2 9 11 
5 0 7 4 
3 10 13 12 
6 14 15 8 
Depth: 86
-------------
1 0 9 11 
5 2 7 4 
3 10 13 12 
6 14 15 8 
Depth: 87
-------------
1 9 0 11 
5 2 7 4 
3 10 13 12 
6 14 15 8 
Depth: 88
-------------
1 9 11 0 
5 2 7 4 
3 10 13 12 
6 14 15 8 
Depth: 89
-------------
1 9 11 4 
5 2 7 0 
3 10 13 12 
6 14 15 8 
Depth: 90
-------------
1 9 11 4 
5 2 0 7 
3 10 13 12 
6 14 15 8 
Depth: 91
-------------
1 9 0 4 
5 2 11 7 
3 10 13 12 
6 14 15 8 
Depth: 92
-------------
1 0 9 4 
5 2 11 7 
3 10 13 12 
6 14 15 8 
Depth: 93
-------------
1 2 9 4 
5 0 11 7 
3 10 13 12 
6 14 15 8 
Depth: 94
-------------
1 2 9 4 
5 10 11 7 
3 0 13 12 
6 14 15 8 
Depth: 95
-------------
1 2 9 4 
5 10 11 7 
3 13 0 12 
6 14 15 8 
Depth: 96
-------------
1 2 9 4 
5 10 0 7 
3 13 11 12 
6 14 15 8 
Depth: 97
-------------
1 2 9 4 
5 0 10 7 
3 13 11 12 
6 14 15 8 
Depth: 98
-------------
1 0 9 4 
5 2 10 7 
3 13 11 12 
6 14 15 8 
Depth: 99
-------------
1 9 0 4 
5 2 10 7 
3 13 11 12 
6 14 15 8 
Depth: 100
-------------
1 9 10 4 
5 2 0 7 
3 13 11 12 
6 14 15 8 
Depth: 101
-------------
1 9 10 4 
5 2 7 0 
3 13 11 12 
6 14 15 8 
Depth: 102
-------------
1 9 10 0 
5 2 7 4 
3 13 11 12 
6 14 15 8 
Depth: 103
-------------
1 9 0 10 
5 2 7 4 
3 13 11 12 
6 14 15 8 
Depth: 104
-------------
1 0 9 10 
5 2 7 4 
3 13 11 12 
6 14 15 8 
Depth: 105
-------------
1 2 9 10 
5 0 7 4 
3 13 11 12 
6 14 15 8 
Depth: 106
-------------
1 2 9 10 
5 7 0 4 
3 13 11 12 
6 14 15 8 
Depth: 107
-------------
1 2 0 10 
5 7 9 4 
3 13 11 12 
6 14 15 8 
Depth: 108
-------------
1 2 10 0 
5 7 9 4 
3 13 11 12 
6 14 15 8 
Depth: 109
-------------
1 2 10 4 
5 7 9 0 
3 13 11 12 
6 14 15 8 
Depth: 110
-------------
1 2 10 4 
5 7 0 9 
3 13 11 12 
6 14 15 8 
Depth: 111
-------------
1 2 10 4 
5 0 7 9 
3 13 11 12 
6 14 15 8 
Depth: 112
-------------
1 2 10 4 
5 13 7 9 
3 0 11 12 
6 14 15 8 
Depth: 113
-------------
1 2 10 4 
5 13 7 9 
0 3 11 12 
6 14 15 8 
Depth: 114
-------------
1 2 10 4 
5 13 7 9 
6 3 11 12 
0 14 15 8 
Depth: 115
-------------
1 2 10 4 
5 13 7 9 
6 3 11 12 
14 0 15 8 
Depth: 116
-------------
1 2 10 4 
5 13 7 9 
6 0 11 12 
14 3 15 8 
Depth: 117
-------------
1 2 10 4 
5 13 7 9 
0 6 11 12 
14 3 15 8 
Depth: 118
-------------
1 2 10 4 
0 13 7 9 
5 6 11 12 
14 3 15 8 
Depth: 119
-------------
1 2 10 4 
13 0 7 9 
5 6 11 12 
14 3 15 8 
Depth: 120
-------------
1 2 10 4 
13 6 7 9 
5 0 11 12 
14 3 15 8 
Depth: 121
-------------
1 2 10 4 
13 6 7 9 
5 3 11 12 
14 0 15 8 
Depth: 122
-------------
1 2 10 4 
13 6 7 9 
5 3 11 12 
0 14 15 8 
Depth: 123
-------------
1 2 10 4 
13 6 7 9 
0 3 11 12 
5 14 15 8 
Depth: 124
-------------
1 2 10 4 
13 6 7 9 
3 0 11 12 
5 14 15 8 
Depth: 125
-------------
1 2 10 4 
13 6 7 9 
3 14 11 12 
5 0 15 8 
Depth: 126
-------------
1 2 10 4 
13 6 7 9 
3 14 11 12 
0 5 15 8 
Depth: 127
-------------
1 2 10 4 
13 6 7 9 
0 14 11 12 
3 5 15 8 
Depth: 128
-------------
1 2 10 4 
0 6 7 9 
13 14 11 12 
3 5 15 8 
Depth: 129
-------------
1 2 10 4 
6 0 7 9 
13 14 11 12 
3 5 15 8 
Depth: 130
-------------
1 2 10 4 
6 14 7 9 
13 0 11 12 
3 5 15 8 
Depth: 131
-------------
1 2 10 4 
6 14 7 9 
0 13 11 12 
3 5 15 8 
Depth: 132
-------------
1 2 10 4 
6 14 7 9 
3 13 11 12 
0 5 15 8 
Depth: 133
-------------
1 2 10 4 
6 14 7 9 
3 13 11 12 
5 0 15 8 
Depth: 134
-------------
1 2 10 4 
6 14 7 9 
3 0 11 12 
5 13 15 8 
Depth: 135
-------------
1 2 10 4 
6 0 7 9 
3 14 11 12 
5 13 15 8 
Depth: 136
-------------
1 2 10 4 
0 6 7 9 
3 14 11 12 
5 13 15 8 
Depth: 137
-------------
1 2 10 4 
3 6 7 9 
0 14 11 12 
5 13 15 8 
Depth: 138
-------------
1 2 10 4 
3 6 7 9 
5 14 11 12 
0 13 15 8 
Depth: 139
-------------
1 2 10 4 
3 6 7 9 
5 14 11 12 
13 0 15 8 
Depth: 140
-------------
1 2 10 4 
3 6 7 9 
5 0 11 12 
13 14 15 8 
Depth: 141
-------------
1 2 10 4 
3 0 7 9 
5 6 11 12 
13 14 15 8 
Depth: 142
-------------
1 2 10 4 
0 3 7 9 
5 6 11 12 
13 14 15 8 
Depth: 143
-------------
1 2 10 4 
5 3 7 9 
0 6 11 12 
13 14 15 8 
Depth: 144
-------------
1 2 10 4 
5 3 7 9 
6 0 11 12 
13 14 15 8 
Depth: 145
-------------
1 2 10 4 
5 0 7 9 
6 3 11 12 
13 14 15 8 
Depth: 146
-------------
1 2 10 4 
5 7 0 9 
6 3 11 12 
13 14 15 8 
Depth: 147
-------------
1 2 10 4 
5 7 9 0 
6 3 11 12 
13 14 15 8 
Depth: 148
-------------
1 2 10 0 
5 7 9 4 
6 3 11 12 
13 14 15 8 
Depth: 149
-------------
1 2 0 10 
5 7 9 4 
6 3 11 12 
13 14 15 8 
Depth: 150
-------------
1 2 9 10 
5 7 0 4 
6 3 11 12 
13 14 15 8 
Depth: 151
-------------
1 2 9 10 
5 0 7 4 
6 3 11 12 
13 14 15 8 
Depth: 152
-------------
1 0 9 10 
5 2 7 4 
6 3 11 12 
13 14 15 8 
Depth: 153
-------------
1 9 0 10 
5 2 7 4 
6 3 11 12 
13 14 15 8 
Depth: 154
-------------
1 9 10 0 
5 2 7 4 
6 3 11 12 
13 14 15 8 
Depth: 155
-------------
1 9 10 4 
5 2 7 0 
6 3 11 12 
13 14 15 8 
Depth: 156
-------------
1 9 10 4 
5 2 0 7 
6 3 11 12 
13 14 15 8 
Depth: 157
-------------
1 9 0 4 
5 2 10 7 
6 3 11 12 
13 14 15 8 
Depth: 158
-------------
1 0 9 4 
5 2 10 7 
6 3 11 12 
13 14 15 8 
Depth: 159
-------------
1 2 9 4 
5 0 10 7 
6 3 11 12 
13 14 15 8 
Depth: 160
-------------
1 2 9 4 
5 10 0 7 
6 3 11 12 
13 14 15 8 
Depth: 161
-------------
1 2 9 4 
5 10 7 0 
6 3 11 12 
13 14 15 8 
Depth: 162
-------------
1 2 9 4 
5 10 7 12 
6 3 11 0 
13 14 15 8 
Depth: 163
-------------
1 2 9 4 
5 10 7 12 
6 3 0 11 
13 14 15 8 
Depth: 164
-------------
1 2 9 4 
5 10 7 12 
6 0 3 11 
13 14 15 8 
Depth: 165
-------------
1 2 9 4 
5 0 7 12 
6 10 3 11 
13 14 15 8 
Depth: 166
-------------
1 2 9 4 
5 7 0 12 
6 10 3 11 
13 14 15 8 
Depth: 167
-------------
1 2 9 4 
5 7 3 12 
6 10 0 11 
13 14 15 8 
Depth: 168
-------------
1 2 9 4 
5 7 3 12 
6 10 11 0 
13 14 15 8 
Depth: 169
-------------
1 2 9 4 
5 7 3 0 
6 10 11 12 
13 14 15 8 
Depth: 170
-------------
1 2 9 0 
5 7 3 4 
6 10 11 12 
13 14 15 8 
Depth: 171
-------------
1 2 0 9 
5 7 3 4 
6 10 11 12 
13 14 15 8 
Depth: 172
-------------
1 2 3 9 
5 7 0 4 
6 10 11 12 
13 14 15 8 
Depth: 173
-------------
1 2 3 9 
5 0 7 4 
6 10 11 12 
13 14 15 8 
Depth: 174
-------------
1 0 3 9 
5 2 7 4 
6 10 11 12 
13 14 15 8 
Depth: 175
-------------
1 3 0 9 
5 2 7 4 
6 10 11 12 
13 14 15 8 
Depth: 176
-------------
1 3 9 0 
5 2 7 4 
6 10 11 12 
13 14 15 8 
Depth: 177
-------------
1 3 9 4 
5 2 7 0 
6 10 11 12 
13 14 15 8 
Depth: 178
-------------
1 3 9 4 
5 2 0 7 
6 10 11 12 
13 14 15 8 
Depth: 179
-------------
1 3 0 4 
5 2 9 7 
6 10 11 12 
13 14 15 8 
Depth: 180
-------------
1 0 3 4 
5 2 9 7 
6 10 11 12 
13 14 15 8 
Depth: 181
-------------
1 2 3 4 
5 0 9 7 
6 10 11 12 
13 14 15 8 
Depth: 182
-------------
1 2 3 4 
5 10 9 7 
6 0 11 12 
13 14 15 8 
Depth: 183
-------------
1 2 3 4 
5 10 9 7 
6 11 0 12 
13 14 15 8 
Depth: 184
-------------
1 2 3 4 
5 10 0 7 
6 11 9 12 
13 14 15 8 
Depth: 185
-------------
1 2 3 4 
5 10 7 0 
6 11 9 12 
13 14 15 8 
Depth: 186
-------------
1 2 3 4 
5 10 7 12 
6 11 9 0 
13 14 15 8 
Depth: 187
-------------
1 2 3 4 
5 10 7 12 
6 11 0 9 
13 14 15 8 
Depth: 188
-------------
1 2 3 4 
5 10 7 12 
6 0 11 9 
13 14 15 8 
Depth: 189
-------------
1 2 3 4 
5 0 7 12 
6 10 11 9 
13 14 15 8 
Depth: 190
-------------
1 2 3 4 
5 7 0 12 
6 10 11 9 
13 14 15 8 
Depth: 191
-------------
1 2 3 4 
5 7 11 12 
6 10 0 9 
13 14 15 8 
Depth: 192
-------------
1 2 3 4 
5 7 11 12 
6 10 9 0 
13 14 15 8 
Depth: 193
-------------
1 2 3 4 
5 7 11 0 
6 10 9 12 
13 14 15 8 
Depth: 194
-------------
1 2 3 4 
5 7 0 11 
6 10 9 12 
13 14 15 8 
Depth: 195
-------------
1 2 3 4 
5 0 7 11 
6 10 9 12 
13 14 15 8 
Depth: 196
-------------
1 2 3 4 
5 10 7 11 
6 0 9 12 
13 14 15 8 
Depth: 197
-------------
1 2 3 4 
5 10 7 11 
6 9 0 12 
13 14 15 8 
Depth: 198
-------------
1 2 3 4 
5 10 0 11 
6 9 7 12 
13 14 15 8 
Depth: 199
-------------
1 2 3 4 
5 0 10 11 
6 9 7 12 
13 14 15 8 
Depth: 200
-------------
1 2 3 4 
0 5 10 11 
6 9 7 12 
13 14 15 8 
Depth: 201
-------------
1 2 3 4 
6 5 10 11 
0 9 7 12 
13 14 15 8 
Depth: 202
-------------
1 2 3 4 
6 5 10 11 
9 0 7 12 
13 14 15 8 
Depth: 203
-------------
1 2 3 4 
6 0 10 11 
9 5 7 12 
13 14 15 8 
Depth: 204
-------------
1 2 3 4 
6 10 0 11 
9 5 7 12 
13 14 15 8 
Depth: 205
-------------
1 2 3 4 
6 10 7 11 
9 5 0 12 
13 14 15 8 
Depth: 206
-------------
1 2 3 4 
6 10 7 11 
9 0 5 12 
13 14 15 8 
Depth: 207
-------------
1 2 3 4 
6 0 7 11 
9 10 5 12 
13 14 15 8 
Depth: 208
-------------
1 2 3 4 
6 7 0 11 
9 10 5 12 
13 14 15 8 
Depth: 209
-------------
1 2 3 4 
6 7 11 0 
9 10 5 12 
13 14 15 8 
Depth: 210
-------------
1 2 3 4 
6 7 11 12 
9 10 5 0 
13 14 15 8 
Depth: 211
-------------
1 2 3 4 
6 7 11 12 
9 10 0 5 
13 14 15 8 
Depth: 212
-------------
1 2 3 4 
6 7 0 12 
9 10 11 5 
13 14 15 8 
Depth: 213
-------------
1 2 3 4 
6 0 7 12 
9 10 11 5 
13 14 15 8 
Depth: 214
-------------
1 2 3 4 
6 10 7 12 
9 0 11 5 
13 14 15 8 
Depth: 215
-------------
1 2 3 4 
6 10 7 12 
9 11 0 5 
13 14 15 8 
Depth: 216
-------------
1 2 3 4 
6 10 7 12 
9 11 5 0 
13 14 15 8 
Depth: 217
-------------
1 2 3 4 
6 10 7 0 
9 11 5 12 
13 14 15 8 
Depth: 218
-------------
1 2 3 4 
6 10 0 7 
9 11 5 12 
13 14 15 8 
Depth: 219
-------------
1 2 3 4 
6 10 5 7 
9 11 0 12 
13 14 15 8 
Depth: 220
-------------
1 2 3 4 
6 10 5 7 
9 0 11 12 
13 14 15 8 
Depth: 221
-------------
1 2 3 4 
6 0 5 7 
9 10 11 12 
13 14 15 8 
Depth: 222
-------------
1 2 3 4 
6 5 0 7 
9 10 11 12 
13 14 15 8 
Depth: 223
-------------
1 2 3 4 
6 5 7 0 
9 10 11 12 
13 14 15 8 
Depth: 224
-------------
1 2 3 4 
6 5 7 12 
9 10 11 0 
13 14 15 8 
Depth: 225
-------------
1 2 3 4 
6 5 7 12 
9 10 0 11 
13 14 15 8 
Depth: 226
-------------
1 2 3 4 
6 5 7 12 
9 0 10 11 
13 14 15 8 
Depth: 227
-------------
1 2 3 4 
6 0 7 12 
9 5 10 11 
13 14 15 8 
Depth: 228
-------------
1 2 3 4 
0 6 7 12 
9 5 10 11 
13 14 15 8 
Depth: 229
-------------
1 2 3 4 
9 6 7 12 
0 5 10 11 
13 14 15 8 
Depth: 230
-------------
1 2 3 4 
9 6 7 12 
5 0 10 11 
13 14 15 8 
Depth: 231
-------------
1 2 3 4 
9 6 7 12 
5 10 0 11 
13 14 15 8 
Depth: 232
-------------
1 2 3 4 
9 6 7 12 
5 10 11 0 
13 14 15 8 
Depth: 233
-------------
1 2 3 4 
9 6 7 12 
5 10 11 8 
13 14 15 0 
Depth: 234
-------------
1 2 3 4 
9 6 7 12 
5 10 11 8 
13 14 0 15 
Depth: 235
-------------
1 2 3 4 
9 6 7 12 
5 10 0 8 
13 14 11 15 
Depth: 236
-------------
1 2 3 4 
9 6 7 12 
5 10 8 0 
13 14 11 15 
Depth: 237
-------------
1 2 3 4 
9 6 7 0 
5 10 8 12 
13 14 11 15 
Depth: 238
-------------
1 2 3 4 
9 6 0 7 
5 10 8 12 
13 14 11 15 
Depth: 239
-------------
1 2 3 4 
9 6 8 7 
5 10 0 12 
13 14 11 15 
Depth: 240
-------------
1 2 3 4 
9 6 8 7 
5 10 11 12 
13 14 0 15 
Depth: 241
-------------
1 2 3 4 
9 6 8 7 
5 10 11 12 
13 14 15 0 
Depth: 242
-------------
1 2 3 4 
9 6 8 7 
5 10 11 0 
13 14 15 12 
Depth: 243
-------------
1 2 3 4 
9 6 8 0 
5 10 11 7 
13 14 15 12 
Depth: 244
-------------
1 2 3 4 
9 6 0 8 
5 10 11 7 
13 14 15 12 
Depth: 245
-------------
1 2 3 4 
9 0 6 8 
5 10 11 7 
13 14 15 12 
Depth: 246
-------------
1 2 3 4 
0 9 6 8 
5 10 11 7 
13 14 15 12 
Depth: 247
-------------
1 2 3 4 
5 9 6 8 
0 10 11 7 
13 14 15 12 
Depth: 248
-------------
1 2 3 4 
5 9 6 8 
10 0 11 7 
13 14 15 12 
Depth: 249
-------------
1 2 3 4 
5 0 6 8 
10 9 11 7 
13 14 15 12 
Depth: 250
-------------
1 2 3 4 
5 6 0 8 
10 9 11 7 
13 14 15 12 
Depth: 251
-------------
1 2 3 4 
5 6 11 8 
10 9 0 7 
13 14 15 12 
Depth: 252
-------------
1 2 3 4 
5 6 11 8 
10 9 7 0 
13 14 15 12 
Depth: 253
-------------
1 2 3 4 
5 6 11 8 
10 9 7 12 
13 14 15 0 
Depth: 254
-------------
1 2 3 4 
5 6 11 8 
10 9 7 12 
13 14 0 15 
Depth: 255
-------------
1 2 3 4 
5 6 11 8 
10 9 7 12 
13 0 14 15 
Depth: 256
-------------
1 2 3 4 
5 6 11 8 
10 0 7 12 
13 9 14 15 
Depth: 257
-------------
1 2 3 4 
5 6 11 8 
10 7 0 12 
13 9 14 15 
Depth: 258
-------------
1 2 3 4 
5 6 0 8 
10 7 11 12 
13 9 14 15 
Depth: 259
-------------
1 2 3 4 
5 0 6 8 
10 7 11 12 
13 9 14 15 
Depth: 260
-------------
1 2 3 4 
5 7 6 8 
10 0 11 12 
13 9 14 15 
Depth: 261
-------------
1 2 3 4 
5 7 6 8 
10 9 11 12 
13 0 14 15 
Depth: 262
-------------
1 2 3 4 
5 7 6 8 
10 9 11 12 
13 14 0 15 
Depth: 263
-------------
1 2 3 4 
5 7 6 8 
10 9 0 12 
13 14 11 15 
Depth: 264
-------------
1 2 3 4 
5 7 6 8 
10 0 9 12 
13 14 11 15 
Depth: 265
-------------
1 2 3 4 
5 0 6 8 
10 7 9 12 
13 14 11 15 
Depth: 266
-------------
1 2 3 4 
5 6 0 8 
10 7 9 12 
13 14 11 15 
Depth: 267
-------------
1 2 3 4 
5 6 9 8 
10 7 0 12 
13 14 11 15 
Depth: 268
-------------
1 2 3 4 
5 6 9 8 
10 7 11 12 
13 14 0 15 
Depth: 269
-------------
1 2 3 4 
5 6 9 8 
10 7 11 12 
13 14 15 0 
Depth: 270
-------------
1 2 3 4 
5 6 9 8 
10 7 11 0 
13 14 15 12 
Depth: 271
-------------
1 2 3 4 
5 6 9 8 
10 7 0 11 
13 14 15 12 
Depth: 272
-------------
1 2 3 4 
5 6 9 8 
10 0 7 11 
13 14 15 12 
Depth: 273
-------------
1 2 3 4 
5 6 9 8 
0 10 7 11 
13 14 15 12 
Depth: 274
-------------
1 2 3 4 
0 6 9 8 
5 10 7 11 
13 14 15 12 
Depth: 275
-------------
1 2 3 4 
6 0 9 8 
5 10 7 11 
13 14 15 12 
Depth: 276
-------------
1 2 3 4 
6 9 0 8 
5 10 7 11 
13 14 15 12 
Depth: 277
-------------
1 2 3 4 
6 9 7 8 
5 10 0 11 
13 14 15 12 
Depth: 278
-------------
1 2 3 4 
6 9 7 8 
5 10 11 0 
13 14 15 12 
Depth: 279
-------------
1 2 3 4 
6 9 7 8 
5 10 11 12 
13 14 15 0 
Depth: 280
-------------
1 2 3 4 
6 9 7 8 
5 10 11 12 
13 14 0 15 
Depth: 281
-------------
1 2 3 4 
6 9 7 8 
5 10 0 12 
13 14 11 15 
Depth: 282
-------------
1 2 3 4 
6 9 7 8 
5 0 10 12 
13 14 11 15 
Depth: 283
-------------
1 2 3 4 
6 0 7 8 
5 9 10 12 
13 14 11 15 
Depth: 284
-------------
1 2 3 4 
0 6 7 8 
5 9 10 12 
13 14 11 15 
Depth: 285
-------------
1 2 3 4 
5 6 7 8 
0 9 10 12 
13 14 11 15 
Depth: 286
-------------
1 2 3 4 
5 6 7 8 
9 0 10 12 
13 14 11 15 
Depth: 287
-------------
1 2 3 4 
5 6 7 8 
9 10 0 12 
13 14 11 15 
Depth: 288
-------------
1 2 3 4 
5 6 7 8 
9 10 11 12 
13 14 0 15 
Depth: 289
-------------
1 2 3 4 
5 6 7 8 
9 10 11 12 
13 14 15 0 
Depth: 290
-------------

Tempo de Execução: 4132 ms

----- Escolha o algoritmo -----
1) BFS
2) DFS
3) IDFS
4) Greedy com Heuristica Out of Place
5) Greedy com Heuristica Manhattan
6) A* com Heuristica Out of Place
7) A* com Heuristica Manhattan
8) Sair
